0 13 13 20 15 12 12 18 6 2 1 10 19 6 14 18 19 10 12 10 12 16 11 11 15 13 5 1 5 3
13 0 5 17 17 10 17 6 19 5 15 1 2 10 8 10 16 1 14 19 19 20 7 2 6 1 15 9 8 1
13 5 0 15 8 14 19 8 11 4 19 17 18 11 4 15 2 18 12 5 17 9 15 1 7 11 8 15 7 15
20 17 15 0 14 2 5 5 20 15 20 6 6 5 19 14 16 1 12 18 15 7 8 9 17 10 11 1 14 14
15 17 8 14 0 1 5 20 6 14 17 6 13 18 13 16 12 10 20 7 6 2 8 12 16 1 8 4 19 2
12 10 14 2 1 0 4 5 5 9 6 9 20 14 3 15 20 14 4 8 14 14 1 8 6 20 16 13 8 7
12 17 19 5 5 4 0 13 15 14 4 17 2 2 20 18 7 8 6 6 8 1 17 4 12 1 9 8 5 6
18 6 8 5 20 5 13 0 17 5 19 13 19 8 1 5 11 6 11 9 5 7 17 10 7 20 13 3 7 12
6 19 11 20 6 5 15 17 0 14 5 15 9 17 14 7 12 15 8 19 13 14 12 5 10 14 19 7 2 7
2 5 4 15 14 9 14 5 14 0 11 20 4 16 16 3 4 7 7 9 16 1 7 3 15 8 18 16 12 20
1 15 19 20 17 6 4 19 5 11 0 16 9 19 4 6 3 11 8 16 19 3 18 18 8 6 18 15 16 14
10 1 17 6 6 9 17 13 15 20 16 0 6 14 5 16 5 15 16 7 19 3 17 12 20 15 9 2 3 20
19 2 18 6 13 20 2 19 9 4 9 6 0 10 4 3 7 13 7 19 16 12 20 8 16 6 13 18 1 8
6 10 11 5 18 14 2 8 17 16 19 14 10 0 2 20 9 4 19 3 1 8 15 9 7 15 13 1 10 18
14 8 4 19 13 3 20 1 14 16 4 5 4 2 0 9 6 13 12 18 4 16 19 14 20 10 9 10 4 19
18 10 15 14 16 15 18 5 7 3 6 16 3 20 9 0 17 6 14 10 9 12 14 5 9 10 9 19 17 13
19 16 2 16 12 20 7 11 12 4 3 5 7 9 6 17 0 16 17 19 14 6 15 4 15 8 11 2 12 13
10 1 18 1 10 14 8 6 15 7 11 15 13 4 13 6 16 0 17 12 6 16 7 4 6 11 20 5 16 13
12 14 12 12 20 4 6 11 8 7 8 16 7 19 12 14 17 17 0 11 9 10 19 16 14 11 17 13 18 3
10 19 5 18 7 8 6 9 19 9 16 7 19 3 18 10 19 12 11 0 11 5 4 5 15 6 3 12 4 18
12 19 17 15 6 14 8 5 13 16 19 19 16 1 4 9 14 6 9 11 0 10 1 14 1 5 1 11 12 7
16 20 9 7 2 14 1 7 14 1 3 3 12 8 16 12 6 16 10 5 10 0 17 16 14 20 6 14 16 19
11 7 15 8 8 1 17 17 12 7 18 17 20 15 19 14 15 7 19 4 1 17 0 18 17 7 2 1 3 10
11 2 1 9 12 8 4 10 5 3 18 12 8 9 14 5 4 4 16 5 14 16 18 0 15 11 1 3 5 4
15 6 7 17 16 6 12 7 10 15 8 20 16 7 20 9 15 6 14 15 1 14 17 15 0 4 12 4 19 11
13 1 11 10 1 20 1 20 14 8 6 15 6 15 10 10 8 11 11 6 5 20 7 11 4 0 2 4 14 6
5 15 8 11 8 16 9 13 19 18 18 9 13 13 9 9 11 20 17 3 1 6 2 1 12 2 0 12 3 17
1 9 15 1 4 13 8 3 7 16 15 2 18 1 10 19 2 5 13 12 11 14 1 3 4 4 12 0 17 15
5 8 7 14 19 8 5 7 2 12 16 3 1 10 4 17 12 16 18 4 12 16 3 5 19 14 3 17 0 3
3 1 15 14 2 7 6 12 7 20 14 20 8 18 19 13 13 13 3 18 7 19 10 4 11 6 17 15 3 0
